1.8828              1.615     

9.7858              -1.5282   3.0877    

21.069              0         -1.3752   2.8189    

35.999              0         0         -1.2374   2.5819    

55.54               0         0         0         -1.1133   2.3742    

80.899              0         0         0         0         -1.0014   2.1934    

113.58              0         0         0         0         0         -0.90059  2.0378    

155.44              0         0         0         0         0         0         -0.80961  1.9057    

208.83              0         0         0         0         0         0         0         -0.72745  1.7961    

276.62              0         0         0         0         0         0         0         0         -0.65317  1.7079    

104.78              0         0         0         0         0         0         0         0         0         -0.58587  0.82832   

2.5105              -0.086489 0         0         0         0         0         0         0         0         0         0         3.23      

16.488              0.00015324-0.18232  0         0         0         0         0         0         0         0         0         -3.0565   6.175     

38.022              0         0.0005297 -0.20218  0         0         0         0         0         0         0         0         0         -2.7505   5.6374    

66.571              0         0         0.0010323 -0.22415  0         0         0         0         0         0         0         0         0         -2.4749   5.1633    

104                 0         0         0         0.0016949 -0.24845  0         0         0         0         0         0         0         0         0         -2.2266   4.7476    

152.63              0         0         0         0         0.0025595 -0.2753   0         0         0         0         0         0         0         0         0         -2.0029   4.3858    

215.36              0         0         0         0         0         0.0036789 -0.30496  0         0         0         0         0         0         0         0         0         -1.8013   4.0743    

295.8               0         0         0         0         0         0         0.0051186 -0.33769  0         0         0         0         0         0         0         0         0         -1.6193   3.8099    

398.45              0         0         0         0         0         0         0         0.00696   -0.3738   0         0         0         0         0         0         0         0         0         -1.455    3.5901    

528.88              0         0         0         0         0         0         0         0         0.0093045 -0.41358  0         0         0         0         0         0         0         0         0         -1.3065   3.4131    

310.15              0         0         0         0         0         0         0         0         0         0.012278  -0.21688  0         0         0         0         0         0         0         0         0         -1.1719   1.6691    

0.62763             0         0         0         0         0         0         0         0         0         0         0         -0.086489 0         0         0         0         0         0         0         0         0         0         1.6149    

6.7024              0         0         0         0         0         0         0         0         0         0         0         0.00015324-0.18232  0         0         0         0         0         0         0         0         0         -1.5283   3.0873    

16.953              0         0         0         0         0         0         0         0         0         0         0         0         0.0005297 -0.20218  0         0         0         0         0         0         0         0         0         -1.3753   2.8185    

30.572              0         0         0         0         0         0         0         0         0         0         0         0         0         0.0010323 -0.22415  0         0         0         0         0         0         0         0         0         -1.2375   2.5814    

48.458              0         0         0         0         0         0         0         0         0         0         0         0         0         0         0.0016949 -0.24845  0         0         0         0         0         0         0         0         0         -1.1133   2.3734    

71.729              0         0         0         0         0         0         0         0         0         0         0         0         0         0         0         0.0025595 -0.2753   0         0         0         0         0         0         0         0         0         -1.0015   2.1924    

101.78              0         0         0         0         0         0         0         0         0         0         0         0         0         0         0         0         0.0036789 -0.30496  0         0         0         0         0         0         0         0         0         -0.90067  2.0365    

140.36              0         0         0         0         0         0         0         0         0         0         0         0         0         0         0         0         0         0.0051186 -0.33769  0         0         0         0         0         0         0         0         0         -0.80972  1.9041    

189.62              0         0         0         0         0         0         0         0         0         0         0         0         0         0         0         0         0         0         0.00696   -0.3738   0         0         0         0         0         0         0         0         0         -0.72759  1.794     

252.26              0         0         0         0         0         0         0         0         0         0         0         0         0         0         0         0         0         0         0         0.0093045 -0.41358  0         0         0         0         0         0         0         0         0         -0.65333  1.7053    

205.38              0         0         0         0         0         0         0         0         0         0         0         0         0         0         0         0         0         0         0         0         0.012278  -0.21688  0         0         0         0         0         0         0         0         0         -0.58607  0.84081   

