4096                1         

6269.5              0         3.0877    

21.069              0         -1.3752   2.8189    

35.999              0         0         -1.2374   2.5819    

55.54               0         0         0         -1.1133   2.3742    

80.899              0         0         0         0         -1.0014   2.1934    

113.58              0         0         0         0         0         -0.90059  2.0378    

155.44              0         0         0         0         0         0         -0.80961  1.9057    

208.83              0         0         0         0         0         0         0         -0.72745  1.7961    

2626.6              0         0         0         0         0         0         0         0         -0.65317  1.7079    

4097                0         0         0         0         0         0         0         0         0         0         1         

4096.2              0         0         0         0         0         0         0         0         0         0         0         1         

12536               0         -0.18232  0         0         0         0         0         0         0         0         0         0         6.175     

38.022              0         0.0005297 -0.20218  0         0         0         0         0         0         0         0         0         -2.7505   5.6374    

66.571              0         0         0.0010323 -0.22415  0         0         0         0         0         0         0         0         0         -2.4749   5.1633    

104                 0         0         0         0.0016949 -0.24845  0         0         0         0         0         0         0         0         0         -2.2266   4.7476    

152.63              0         0         0         0         0.0025595 -0.2753   0         0         0         0         0         0         0         0         0         -2.0029   4.3858    

215.36              0         0         0         0         0         0.0036789 -0.30496  0         0         0         0         0         0         0         0         0         -1.8013   4.0743    

295.8               0         0         0         0         0         0         0.0051186 -0.33769  0         0         0         0         0         0         0         0         0         -1.6193   3.8099    

398.45              0         0         0         0         0         0         0         0.00696   -0.3738   0         0         0         0         0         0         0         0         0         -1.455    3.5901    

5280.3              0         0         0         0         0         0         0         0         0.0093045 -0.41358  0         0         0         0         0         0         0         0         0         -1.3065   3.4131    

4097.2              0         0         0         0         0         0         0         0         0         0         0         0         0         0         0         0         0         0         0         0         0         1         

4096.5              0         0         0         0         0         0         0         0         0         0         0         0         0         0         0         0         0         0         0         0         0         0         1         

6266.7              0         0         0         0         0         0         0         0         0         0         0         0         -0.18232  0         0         0         0         0         0         0         0         0         0         3.0873    

16.953              0         0         0         0         0         0         0         0         0         0         0         0         0.0005297 -0.20218  0         0         0         0         0         0         0         0         0         -1.3753   2.8185    

30.572              0         0         0         0         0         0         0         0         0         0         0         0         0         0.0010323 -0.22415  0         0         0         0         0         0         0         0         0         -1.2375   2.5814    

48.458              0         0         0         0         0         0         0         0         0         0         0         0         0         0         0.0016949 -0.24845  0         0         0         0         0         0         0         0         0         -1.1133   2.3734    

71.729              0         0         0         0         0         0         0         0         0         0         0         0         0         0         0         0.0025595 -0.2753   0         0         0         0         0         0         0         0         0         -1.0015   2.1924    

101.78              0         0         0         0         0         0         0         0         0         0         0         0         0         0         0         0         0.0036789 -0.30496  0         0         0         0         0         0         0         0         0         -0.90067  2.0365    

140.36              0         0         0         0         0         0         0         0         0         0         0         0         0         0         0         0         0         0.0051186 -0.33769  0         0         0         0         0         0         0         0         0         -0.80972  1.9041    

189.62              0         0         0         0         0         0         0         0         0         0         0         0         0         0         0         0         0         0         0.00696   -0.3738   0         0         0         0         0         0         0         0         0         -0.72759  1.794     

2653.7              0         0         0         0         0         0         0         0         0         0         0         0         0         0         0         0         0         0         0         0.0093045 -0.41358  0         0         0         0         0         0         0         0         0         -0.65333  1.7053    

4097.5              0         0         0         0         0         0         0         0         0         0         0         0         0         0         0         0         0         0         0         0         0         0         0         0         0         0         0         0         0         0         0         0         1         

