33
0 0
0.05948221475418106 0
0.1255735644810489 0
0.1990083975109021 0
0.2806026564329612 0
0.3712629441241379 0
0.4719965971143343 0
0.5839228782145525 0
0.7082854127703504 0
0.8464660067212371 0
1 0
0 0.25
0.05948221475418106 0.25
0.1255735644810489 0.25
0.1990083975109021 0.25
0.2806026564329612 0.25
0.3712629441241379 0.25
0.4719965971143343 0.25
0.5839228782145525 0.25
0.7082854127703504 0.25
0.8464660067212371 0.25
1 0.25
0 0.5
0.05948221475418106 0.5
0.1255735644810489 0.5
0.1990083975109021 0.5
0.2806026564329612 0.5
0.3712629441241379 0.5
0.4719965971143343 0.5
0.5839228782145525 0.5
0.7082854127703504 0.5
0.8464660067212371 0.5
1 0.5
