57
1
1.006889763779528
1.013779527559055
1.020669291338583
1.02755905511811
1.034448818897638
1.041338582677165
1.048228346456693
1.05511811023622
1.068897637795275
1.082677165354331
1.096456692913386
1.110236220472441
1.124015748031496
1.137795275590551
1.151574803149606
1.165354330708661
1.192913385826772
1.220472440944882
1.248031496062992
1.275590551181102
1.303149606299213
1.330708661417323
1.358267716535433
1.385826771653543
1.440944881889764
1.496062992125984
1.551181102362205
1.606299212598425
1.661417322834645
1.716535433070866
1.771653543307087
1.826771653543307
1.937007874015748
2.047244094488189
2.15748031496063
2.26771653543307
2.377952755905511
2.488188976377952
2.598425196850394
2.708661417322834
2.929133858267716
3.149606299212598
3.37007874015748
3.590551181102362
3.811023622047244
4.031496062992125
4.251968503937007
4.472440944881889
4.913385826771653
5.354330708661417
5.795275590551181
6.236220472440944
6.677165354330708
7.118110236220472
7.559055118110235
7.999999999999999
