256
0 17 18
0 1 18
1 18 19
1 2 19
2 19 20
2 3 20
3 20 21
3 4 21
4 21 22
4 5 22
5 22 23
5 6 23
6 23 24
6 7 24
7 24 25
7 8 25
8 25 26
8 9 26
9 26 27
9 10 27
10 27 28
10 11 28
11 28 29
11 12 29
12 29 30
12 13 30
13 30 31
13 14 31
14 31 32
14 15 32
15 32 33
15 16 33
17 34 35
17 18 35
18 35 36
18 19 36
19 36 37
19 20 37
20 37 38
20 21 38
21 38 39
21 22 39
22 39 40
22 23 40
23 40 41
23 24 41
24 41 42
24 25 42
25 42 43
25 26 43
26 43 44
26 27 44
27 44 45
27 28 45
28 45 46
28 29 46
29 46 47
29 30 47
30 47 48
30 31 48
31 48 49
31 32 49
32 49 50
32 33 50
34 51 52
34 35 52
35 52 53
35 36 53
36 53 54
36 37 54
37 54 55
37 38 55
38 55 56
38 39 56
39 56 57
39 40 57
40 57 58
40 41 58
41 58 59
41 42 59
42 59 60
42 43 60
43 60 61
43 44 61
44 61 62
44 45 62
45 62 63
45 46 63
46 63 64
46 47 64
47 64 65
47 48 65
48 65 66
48 49 66
49 66 67
49 50 67
51 68 69
51 52 69
52 69 70
52 53 70
53 70 71
53 54 71
54 71 72
54 55 72
55 72 73
55 56 73
56 73 74
56 57 74
57 74 75
57 58 75
58 75 76
58 59 76
59 76 77
59 60 77
60 77 78
60 61 78
61 78 79
61 62 79
62 79 80
62 63 80
63 80 81
63 64 81
64 81 82
64 65 82
65 82 83
65 66 83
66 83 84
66 67 84
68 85 86
68 69 86
69 86 87
69 70 87
70 87 88
70 71 88
71 88 89
71 72 89
72 89 90
72 73 90
73 90 91
73 74 91
74 91 92
74 75 92
75 92 93
75 76 93
76 93 94
76 77 94
77 94 95
77 78 95
78 95 96
78 79 96
79 96 97
79 80 97
80 97 98
80 81 98
81 98 99
81 82 99
82 99 100
82 83 100
83 100 101
83 84 101
85 102 103
85 86 103
86 103 104
86 87 104
87 104 105
87 88 105
88 105 106
88 89 106
89 106 107
89 90 107
90 107 108
90 91 108
91 108 109
91 92 109
92 109 110
92 93 110
93 110 111
93 94 111
94 111 112
94 95 112
95 112 113
95 96 113
96 113 114
96 97 114
97 114 115
97 98 115
98 115 116
98 99 116
99 116 117
99 100 117
100 117 118
100 101 118
102 119 120
102 103 120
103 120 121
103 104 121
104 121 122
104 105 122
105 122 123
105 106 123
106 123 124
106 107 124
107 124 125
107 108 125
108 125 126
108 109 126
109 126 127
109 110 127
110 127 128
110 111 128
111 128 129
111 112 129
112 129 130
112 113 130
113 130 131
113 114 131
114 131 132
114 115 132
115 132 133
115 116 133
116 133 134
116 117 134
117 134 135
117 118 135
119 136 137
119 120 137
120 137 138
120 121 138
121 138 139
121 122 139
122 139 140
122 123 140
123 140 141
123 124 141
124 141 142
124 125 142
125 142 143
125 126 143
126 143 144
126 127 144
127 144 145
127 128 145
128 145 146
128 129 146
129 146 147
129 130 147
130 147 148
130 131 148
131 148 149
131 132 149
132 149 150
132 133 150
133 150 151
133 134 151
134 151 152
134 135 152
