53        

-52       61        

0         -8.3      16        

0         0         -8        16        

0         0         0         -7.7      15        

0         0         0         0         -7.4      15        

0         0         0         0         0         -7.1      14        

0         0         0         0         0         0         -6.9      14        

0         0         0         0         0         0         0         -6.7      13        

0         0         0         0         0         0         0         0         -6.5      13        

0         0         0         0         0         0         0         0         0         0         1         

-0.45     0         0         0         0         0         0         0         0         0         0         5.2e+02   

0         -0.1      0         0         0         0         0         0         0         0         0         -5.2e+02  5.8e+02   

0         0         -0.0091   0         0         0         0         0         0         0         0         0         -57       65        

0         0         0         -0.011    0         0         0         0         0         0         0         0         0         -8        16        

0         0         0         0         -0.013    0         0         0         0         0         0         0         0         0         -7.7      15        

0         0         0         0         0         -0.015    0         0         0         0         0         0         0         0         0         -7.4      15        

0         0         0         0         0         0         -0.018    0         0         0         0         0         0         0         0         0         -7.1      14        

0         0         0         0         0         0         0         -0.022    0         0         0         0         0         0         0         0         0         -6.9      14        

0         0         0         0         0         0         0         0         -0.026    0         0         0         0         0         0         0         0         0         -6.7      13        

0         0         0         0         0         0         0         0         0         -0.031    0         0         0         0         0         0         0         0         0         -6.5      13        

0         0         0         0         0         0         0         0         0         0         0         0         0         0         0         0         0         0         0         0         0         1         

0         0         0         0         0         0         0         0         0         0         0         0         0         0         0         0         0         0         0         0         0         0         0         

0         0         0         0         0         0         0         0         0         0         0         0         -0.017    0         0         0         0         0         0         0         0         0         0         0.017     

0         0         0         0         0         0         0         0         0         0         0         0         0         -0.021    0         0         0         0         0         0         0         0         0         0         0.021     

0         0         0         0         0         0         0         0         0         0         0         0         0         0         -0.024    0         0         0         0         0         0         0         0         0         0         0.024     

0         0         0         0         0         0         0         0         0         0         0         0         0         0         0         -0.029    0         0         0         0         0         0         0         0         0         0         0.029     

0         0         0         0         0         0         0         0         0         0         0         0         0         0         0         0         -0.034    0         0         0         0         0         0         0         0         0         0         0.034     

0         0         0         0         0         0         0         0         0         0         0         0         0         0         0         0         0         -0.041    0         0         0         0         0         0         0         0         0         0         0.041     

0         0         0         0         0         0         0         0         0         0         0         0         0         0         0         0         0         0         -0.049    0         0         0         0         0         0         0         0         0         0         0.049     

0         0         0         0         0         0         0         0         0         0         0         0         0         0         0         0         0         0         0         -0.058    0         0         0         0         0         0         0         0         0         0         0.058     

0         0         0         0         0         0         0         0         0         0         0         0         0         0         0         0         0         0         0         0         -0.07     0         0         0         0         0         0         0         0         0         0         0.07      

0         0         0         0         0         0         0         0         0         0         0         0         0         0         0         0         0         0         0         0         0         0         0         0         0         0         0         0         0         0         0         0         1         

