153
1 0
1.625 0
2.25 0
2.875 0
3.5 0
4.125 0
4.75 0
5.375 0
6 0
6.625 0
7.25 0
7.875 0
8.5 0
9.125 0
9.75 0
10.375 0
11 0
1 1.25
1.625 1.25
2.25 1.25
2.875 1.25
3.5 1.25
4.125 1.25
4.75 1.25
5.375 1.25
6 1.25
6.625 1.25
7.25 1.25
7.875 1.25
8.5 1.25
9.125 1.25
9.75 1.25
10.375 1.25
11 1.25
1 2.5
1.625 2.5
2.25 2.5
2.875 2.5
3.5 2.5
4.125 2.5
4.75 2.5
5.375 2.5
6 2.5
6.625 2.5
7.25 2.5
7.875 2.5
8.5 2.5
9.125 2.5
9.75 2.5
10.375 2.5
11 2.5
1 3.75
1.625 3.75
2.25 3.75
2.875 3.75
3.5 3.75
4.125 3.75
4.75 3.75
5.375 3.75
6 3.75
6.625 3.75
7.25 3.75
7.875 3.75
8.5 3.75
9.125 3.75
9.75 3.75
10.375 3.75
11 3.75
1 5
1.625 5
2.25 5
2.875 5
3.5 5
4.125 5
4.75 5
5.375 5
6 5
6.625 5
7.25 5
7.875 5
8.5 5
9.125 5
9.75 5
10.375 5
11 5
1 6.25
1.625 6.25
2.25 6.25
2.875 6.25
3.5 6.25
4.125 6.25
4.75 6.25
5.375 6.25
6 6.25
6.625 6.25
7.25 6.25
7.875 6.25
8.5 6.25
9.125 6.25
9.75 6.25
10.375 6.25
11 6.25
1 7.5
1.625 7.5
2.25 7.5
2.875 7.5
3.5 7.5
4.125 7.5
4.75 7.5
5.375 7.5
6 7.5
6.625 7.5
7.25 7.5
7.875 7.5
8.5 7.5
9.125 7.5
9.75 7.5
10.375 7.5
11 7.5
1 8.75
1.625 8.75
2.25 8.75
2.875 8.75
3.5 8.75
4.125 8.75
4.75 8.75
5.375 8.75
6 8.75
6.625 8.75
7.25 8.75
7.875 8.75
8.5 8.75
9.125 8.75
9.75 8.75
10.375 8.75
11 8.75
1 10
1.625 10
2.25 10
2.875 10
3.5 10
4.125 10
4.75 10
5.375 10
6 10
6.625 10
7.25 10
7.875 10
8.5 10
9.125 10
9.75 10
10.375 10
11 10
