153

1
2.5698588873042
4.96742707912284
8.16370109371246
12.1486606148603
16.9182940861709
22.4708384123465
28.8054743788895
35.9218194813202
43.8197144523455
52.4991296594894
61.9601269088614
72.2028537310203
83.227567497412
95.034704027197
107.625032899013
121
1
2.60771072162403
5.01189205932239
8.20626586945296
12.1872917069434
16.952879232637
22.501780898343
28.8332517527419
35.946852727153
43.8423359055605
52.5195770861894
61.97853544087
72.2192276682927
83.2417065904444
95.0460311263214
107.632201698754
121
1
2.62360927678231
5.03527873433149
8.23248355852761
12.2138855593627
16.9786050337802
22.5260328084877
28.8557477561243
35.9674646251628
43.8609962255435
52.5362248623181
61.9930798180848
72.2315178928879
83.2515038507643
95.052987526877
107.63587538159
121
1
2.63320654400178
5.05048267511685
8.25077913886006
12.2335947048616
16.9986045279689
22.545572152615
28.8743216979276
35.9847241666749
43.8766872231297
52.5501460534191
62.0050547301752
72.2413777568538
83.2590815211556
95.0581257347196
107.638455928541
121
1
2.64076955883147
5.06273162157912
8.26590612331379
12.2503034686843
17.0159311651675
22.5627950851401
28.8908997566764
36.0002485396056
43.890843825992
52.5626872539901
62.0157799086972
72.2501224951829
83.2657154797224
95.0625592000725
107.640653945028
121
1
2.64838438755282
5.07505494293737
8.28111049535259
12.2670818845362
17.0333154488765
22.5800632768034
28.9075121943959
36.0157985509341
43.9050194257303
52.5752425679486
62.0265156392809
72.2588751161456
83.2723551656092
95.0669964560688
107.642853853987
121
1
2.65819689653347
5.09054599406133
8.29968328483903
12.2870241163602
17.0534968017943
22.5997384925617
28.9261852776979
36.0331298160361
43.9207625563437
52.5892022665627
62.0385196289743
72.2687572810752
83.2799497039617
95.0721463734661
107.645440512259
121
1
2.67482675995084
5.11472516757185
8.32653837991714
12.3140769621924
17.0795371708934
22.6242016266594
28.9488228543614
36.0538380068758
43.9394905524949
52.6059001369876
62.0531035687182
72.2810806459522
83.2897753253792
95.0791255408494
107.649127988411
121
1
2.7159968268637
5.16140533331463
8.37033904109264
12.3533723055448
17.114480350379
22.6553414405211
28.9767134805622
36.0789408548521
43.9621598025645
52.626385891526
62.0715484012161
72.2974936378427
83.3039589540072
95.0905018487088
107.656340285666
121
