320
0 41 42
0 1 42
1 42 43
1 2 43
2 43 44
2 3 44
3 44 45
3 4 45
4 45 46
4 5 46
5 46 47
5 6 47
6 47 48
6 7 48
7 48 49
7 8 49
8 49 50
8 9 50
9 50 51
9 10 51
10 51 52
10 11 52
11 52 53
11 12 53
12 53 54
12 13 54
13 54 55
13 14 55
14 55 56
14 15 56
15 56 57
15 16 57
16 57 58
16 17 58
17 58 59
17 18 59
18 59 60
18 19 60
19 60 61
19 20 61
20 61 62
20 21 62
21 62 63
21 22 63
22 63 64
22 23 64
23 64 65
23 24 65
24 65 66
24 25 66
25 66 67
25 26 67
26 67 68
26 27 68
27 68 69
27 28 69
28 69 70
28 29 70
29 70 71
29 30 71
30 71 72
30 31 72
31 72 73
31 32 73
32 73 74
32 33 74
33 74 75
33 34 75
34 75 76
34 35 76
35 76 77
35 36 77
36 77 78
36 37 78
37 78 79
37 38 79
38 79 80
38 39 80
39 80 81
39 40 81
41 82 83
41 42 83
42 83 84
42 43 84
43 84 85
43 44 85
44 85 86
44 45 86
45 86 87
45 46 87
46 87 88
46 47 88
47 88 89
47 48 89
48 89 90
48 49 90
49 90 91
49 50 91
50 91 92
50 51 92
51 92 93
51 52 93
52 93 94
52 53 94
53 94 95
53 54 95
54 95 96
54 55 96
55 96 97
55 56 97
56 97 98
56 57 98
57 98 99
57 58 99
58 99 100
58 59 100
59 100 101
59 60 101
60 101 102
60 61 102
61 102 103
61 62 103
62 103 104
62 63 104
63 104 105
63 64 105
64 105 106
64 65 106
65 106 107
65 66 107
66 107 108
66 67 108
67 108 109
67 68 109
68 109 110
68 69 110
69 110 111
69 70 111
70 111 112
70 71 112
71 112 113
71 72 113
72 113 114
72 73 114
73 114 115
73 74 115
74 115 116
74 75 116
75 116 117
75 76 117
76 117 118
76 77 118
77 118 119
77 78 119
78 119 120
78 79 120
79 120 121
79 80 121
80 121 122
80 81 122
82 123 124
82 83 124
83 124 125
83 84 125
84 125 126
84 85 126
85 126 127
85 86 127
86 127 128
86 87 128
87 128 129
87 88 129
88 129 130
88 89 130
89 130 131
89 90 131
90 131 132
90 91 132
91 132 133
91 92 133
92 133 134
92 93 134
93 134 135
93 94 135
94 135 136
94 95 136
95 136 137
95 96 137
96 137 138
96 97 138
97 138 139
97 98 139
98 139 140
98 99 140
99 140 141
99 100 141
100 141 142
100 101 142
101 142 143
101 102 143
102 143 144
102 103 144
103 144 145
103 104 145
104 145 146
104 105 146
105 146 147
105 106 147
106 147 148
106 107 148
107 148 149
107 108 149
108 149 150
108 109 150
109 150 151
109 110 151
110 151 152
110 111 152
111 152 153
111 112 153
112 153 154
112 113 154
113 154 155
113 114 155
114 155 156
114 115 156
115 156 157
115 116 157
116 157 158
116 117 158
117 158 159
117 118 159
118 159 160
118 119 160
119 160 161
119 120 161
120 161 162
120 121 162
121 162 163
121 122 163
123 164 165
123 124 165
124 165 166
124 125 166
125 166 167
125 126 167
126 167 168
126 127 168
127 168 169
127 128 169
128 169 170
128 129 170
129 170 171
129 130 171
130 171 172
130 131 172
131 172 173
131 132 173
132 173 174
132 133 174
133 174 175
133 134 175
134 175 176
134 135 176
135 176 177
135 136 177
136 177 178
136 137 178
137 178 179
137 138 179
138 179 180
138 139 180
139 180 181
139 140 181
140 181 182
140 141 182
141 182 183
141 142 183
142 183 184
142 143 184
143 184 185
143 144 185
144 185 186
144 145 186
145 186 187
145 146 187
146 187 188
146 147 188
147 188 189
147 148 189
148 189 190
148 149 190
149 190 191
149 150 191
150 191 192
150 151 192
151 192 193
151 152 193
152 193 194
152 153 194
153 194 195
153 154 195
154 195 196
154 155 196
155 196 197
155 156 197
156 197 198
156 157 198
157 198 199
157 158 199
158 199 200
158 159 200
159 200 201
159 160 201
160 201 202
160 161 202
161 202 203
161 162 203
162 203 204
162 163 204
