205
1 0
2.472184815165981 0
3.944369630331963 0
5.416554445497944 0
6.888739260663925 0
8.524500166403904 0
10.16026107214388 0
11.79602197788386 0
13.43178288362384 0
15.24929500111271 0
17.06680711860157 0
18.88431923609044 0
20.7018313535793 0
22.72128926190027 0
24.74074717022123 0
26.76020507854219 0
28.77966298686315 0
31.02350510721977 0
33.26734722757639 0
35.51118934793302 0
37.75503146828964 0
40.248189379797 0
42.74134729130436 0
45.23450520281173 0
47.72766311431909 0
50.49783857154949 0
53.26801402877989 0
56.03818948601029 0
58.80836494324069 0
61.88633767349669 0
64.96431040375269 0
68.0422831340087 0
71.12025586426469 0
74.54022556454913 0
77.96019526483357 0
81.38016496511801 0
84.80013466540247 0
88.60010099905185 0
92.40006733270124 0
96.20003366635062 0
100 0
1 2.5
2.472184815165981 2.5
3.944369630331963 2.5
5.416554445497944 2.5
6.888739260663925 2.5
8.524500166403904 2.5
10.16026107214388 2.5
11.79602197788386 2.5
13.43178288362384 2.5
15.24929500111271 2.5
17.06680711860157 2.5
18.88431923609044 2.5
20.7018313535793 2.5
22.72128926190027 2.5
24.74074717022123 2.5
26.76020507854219 2.5
28.77966298686315 2.5
31.02350510721977 2.5
33.26734722757639 2.5
35.51118934793302 2.5
37.75503146828964 2.5
40.248189379797 2.5
42.74134729130436 2.5
45.23450520281173 2.5
47.72766311431909 2.5
50.49783857154949 2.5
53.26801402877989 2.5
56.03818948601029 2.5
58.80836494324069 2.5
61.88633767349669 2.5
64.96431040375269 2.5
68.0422831340087 2.5
71.12025586426469 2.5
74.54022556454913 2.5
77.96019526483357 2.5
81.38016496511801 2.5
84.80013466540247 2.5
88.60010099905185 2.5
92.40006733270124 2.5
96.20003366635062 2.5
100 2.5
1 5
2.472184815165981 5
3.944369630331963 5
5.416554445497944 5
6.888739260663925 5
8.524500166403904 5
10.16026107214388 5
11.79602197788386 5
13.43178288362384 5
15.24929500111271 5
17.06680711860157 5
18.88431923609044 5
20.7018313535793 5
22.72128926190027 5
24.74074717022123 5
26.76020507854219 5
28.77966298686315 5
31.02350510721977 5
33.26734722757639 5
35.51118934793302 5
37.75503146828964 5
40.248189379797 5
42.74134729130436 5
45.23450520281173 5
47.72766311431909 5
50.49783857154949 5
53.26801402877989 5
56.03818948601029 5
58.80836494324069 5
61.88633767349669 5
64.96431040375269 5
68.0422831340087 5
71.12025586426469 5
74.54022556454913 5
77.96019526483357 5
81.38016496511801 5
84.80013466540247 5
88.60010099905185 5
92.40006733270124 5
96.20003366635062 5
100 5
1 7.5
2.472184815165981 7.5
3.944369630331963 7.5
5.416554445497944 7.5
6.888739260663925 7.5
8.524500166403904 7.5
10.16026107214388 7.5
11.79602197788386 7.5
13.43178288362384 7.5
15.24929500111271 7.5
17.06680711860157 7.5
18.88431923609044 7.5
20.7018313535793 7.5
22.72128926190027 7.5
24.74074717022123 7.5
26.76020507854219 7.5
28.77966298686315 7.5
31.02350510721977 7.5
33.26734722757639 7.5
35.51118934793302 7.5
37.75503146828964 7.5
40.248189379797 7.5
42.74134729130436 7.5
45.23450520281173 7.5
47.72766311431909 7.5
50.49783857154949 7.5
53.26801402877989 7.5
56.03818948601029 7.5
58.80836494324069 7.5
61.88633767349669 7.5
64.96431040375269 7.5
68.0422831340087 7.5
71.12025586426469 7.5
74.54022556454913 7.5
77.96019526483357 7.5
81.38016496511801 7.5
84.80013466540247 7.5
88.60010099905185 7.5
92.40006733270124 7.5
96.20003366635062 7.5
100 7.5
1 10
2.472184815165981 10
3.944369630331963 10
5.416554445497944 10
6.888739260663925 10
8.524500166403904 10
10.16026107214388 10
11.79602197788386 10
13.43178288362384 10
15.24929500111271 10
17.06680711860157 10
18.88431923609044 10
20.7018313535793 10
22.72128926190027 10
24.74074717022123 10
26.76020507854219 10
28.77966298686315 10
31.02350510721977 10
33.26734722757639 10
35.51118934793302 10
37.75503146828964 10
40.248189379797 10
42.74134729130436 10
45.23450520281173 10
47.72766311431909 10
50.49783857154949 10
53.26801402877989 10
56.03818948601029 10
58.80836494324069 10
61.88633767349669 10
64.96431040375269 10
68.0422831340087 10
71.12025586426469 10
74.54022556454913 10
77.96019526483357 10
81.38016496511801 10
84.80013466540247 10
88.60010099905185 10
92.40006733270124 10
96.20003366635062 10
100 10
